4331
                 123
  3
15
29 3126
1 2 3 
15 
411
839
97
5 6 7 
433
1125
7
      10
456
24 3121
10
9 10 11 
26
52 3147
42
 
11
30 3127
330
70
441
58
38
        3
 4
          2
34
46
           123
43 3137
     21
83 84 85 
4341
    22
  6
4322
1 3010
9 3014
                           28
84
57
               4
  2
125
                 124
      12
111
    27
113
92
54
414
26 3123
 7
            2
50 3144
32 3128
            131
                 128
37 3132
50
  11
 754
1 3004
20152017 1
18 
4321
10 11 12 
86
6
17
10 30141
16
        1
4332
65
142
  44
72
    3
  5
 18
33 3129
67
                 125
5393
 5
2 3004
115
20
200969
42 3136
 6
    6
 1
32
22 3119
116
746
13 3017
4 3009
4112
                                   715
45 3139
  4
1133
                 127
  43
62
4
            127
                          3
18 3115
 232
 17
43
                 121
  433
4122
61
27
44
59
295
           122
33
7 3012
                 122
440
203
5
939
                  131
66
75
435
23
                              5
4 5 6 
 72
3 
60
431
25 3122
8 9 10 
108
158
    4
1 2 
                         26
  412
 753
22
201415 3
442
29
      17
35 3131
           13
47
432
175
                 126
  7
      18
  442
3
434
4121
                          27
35
71
48 3142
       20
80
15 3019
  0704
        6
17 3021
12
           126
413
49 3143
07
51 3146
        5
                           31
           125
            128
49
1 2 3 4 
40 3134
11 3015
20 3117
45
63
 71
                            34
53
41
               7
        9
    8
  18
1 
39
82 83 84 
13
91
112
           2
 8
52
6 7 8 
117
       1
                           32
132
  9
4342
  8
   2
709
1   
 22
44 3138
36
 3
  1
31
               6
       11
100
1 3001
19
                          2
56
       13
16 
2
                            33
                       25
36 31311
01
8
1 3011
31 31271
25
423
524
40
88
4111
5 3010
           124
22 100
               5
    1
24
      19
39 31331
1 2 3 4 5 
114
73
421
821
14
2 
4311
37
       12
 15
 2
3001
48
51
  13
                   2
6 3011
23 3120
8 3013
5 6
 9
  12
18
7 8 9 
17 
3 1 
64
1700 11
422
    44
1
28
3 3008
84 85 86 
4113
  10
85 86 87 
46 3140
55
34 3130
1131
2 3014
30
21
21 3118
77
1132
412
1002 1084 746 777
38 3133
19 3116
41 3135
        2
109
47 3141
27 3124
        4
12 3016
28 3125
9
