36
1
435
18 
               7
4 3009
117
            2
1 2 
1133
4332
1   
5393
3
75
3 3008
125
111
16 
3 1 
                         26
97
  43
13
59
01
1 3004
  9
       12
15
21
30 3127
88
1131
38
413
7 8 9 
57
        3
66
           2
4122
           13
  18
    8
84
 3
 4
18 3115
  412
39
                          27
    1
414
40 3134
    27
 22
  0704
19
14
                           28
47 3141
4121
 8
                   2
           123
100
22
20
9 10 11 
26 3123
67
            128
  3
77
6 7 8 
6 3011
709
9
27 3124
        1
          2
34 3130
        9
 
17 
                          3
5 3010
 18
  4
 17
36 31311
411
35 3131
      19
55
19 3116
  7
           125
                 125
                            33
     21
8 3013
58
65
 2
1125
    6
22 100
50 3144
1 
40
939
4321
46
10 11 12 
113
 1
5 6 7 
  433
                 123
421
422
 9
45
51 3146
                          2
 754
           126
49
1 2 3 4 
  12
2 
70
            131
84 85 86 
48 3142
4113
 6
115
                 124
92
1132
51
4342
7
108
21 3118
33 3129
 15
37 3132
 72
37
                 121
20 3117
    22
524
52
  11
                           31
                           32
412
295
15 3019
                 122
                  131
4 5 6 
               6
56
42
52 3147
31
10
44 3138
1 2 3 4 5 
109
1002 1084 746 777
3 
31 31271
86
1 3011
                            34
        5
       11
26
63
        6
42 3136
       13
2 3014
71
201415 3
43
  442
175
2
25
16
   2
           124
431
                              5
83 84 85 
17
9 3014
                 128
54
 232
30
                 126
132
    4
1 3010
50
60
423
  10
200969
        2
4112
442
64
41 3135
29 3126
  6
80
6
43 3137
34
32
8 9 10 
      12
           122
839
24
        4
11
49 3143
4331
18
23 3120
4311
116
4111
  44
7 3012
2 3004
                       25
5
53
      10
4322
4341
25 3122
35
91
3001
12 3016
07
      17
47
17 3021
44
       20
10 30141
85 86 87 
28
1700 11
            127
                 127
 753
24 3121
27
28 3125
11 3015
22 3119
203
434
39 31331
20152017 1
330
  1
5 6
432
433
23
      18
12
  5
       1
746
61
               5
456
15 
    3
114
41
13 3017
32 3128
62
158
33
48
45 3139
440
               4
1 2 3 
441
 7
82 83 84 
                                   715
142
4
1 3001
  2
29
 5
8
38 3133
46 3140
  8
73
 71
  13
821
112
    44
72
